2
 2
 3
 3
 4
 6
 7
 7
 8
 9
 11
 13
 13
 15
 17
 25
 25
 27
 28
 29
 29
 29
 34
 37
 38
 39
 42
 43
 45
 47
 47
 56
 60
 62
 63
 63
 67
 68
 76
 78
 81
 84
 85
 87
 91
 91
 92
 93
 97
 98
 99
 99
 101
 101
 104
 106
 107
 110
 110
 112
 113
 113
 117
 124
 125
 128
 129
 131
 132
 133
 134
 137
 139
 143
 144
 146
 151
 152
 155
 162
 166
 167
 168
 172
 175
 178
 178
 179
 179
 182
 185
 188
 188
 189
 191
 193
 193
 196
 198
 199
 