4
 3
 3
 2
 2
 6
 7
 9
 11
 8
 13
 15
 13
 17
 28
 27
 25
 29
 29
 29
 25
 7
 34
 39
 38
 42
 45
 47
 47
 43
 62
 60
 56
 37
 63
 67
 68
 78
 76
 87
 85
 84
 92
 93
 98
 97
 91
 91
 81
 63
 99
 101
 101
 106
 107
 110
 112
 113
 124
 117
 113
 110
 104
 128
 129
 132
 134
 139
 144
 143
 137
 133
 131
 152
 151
 155
 162
 146
 125
 167
 168
 175
 172
 178
 182
 185
 179
 188
 188
 179
 196
 193
 193
 199
 198
 191
 189
 178
 166
 99
 