99
 63
 37
 34
 7
 6
 2
 2
 3
 3
 4
 25
 17
 13
 8
 7
 11
 9
 15
 13
 29
 25
 27
 28
 29
 29
 56
 43
 42
 38
 39
 47
 45
 47
 60
 62
 81
 76
 68
 67
 63
 78
 91
 84
 85
 87
 91
 97
 93
 92
 98
 166
 125
 104
 101
 99
 101
 110
 107
 106
 113
 112
 110
 117
 113
 124
 146
 131
 129
 128
 133
 132
 137
 134
 143
 139
 144
 162
 155
 151
 152
 178
 172
 168
 167
 175
 189
 179
 178
 188
 179
 185
 182
 188
 191
 198
 193
 193
 196
 199
 